0.032948, 0.008411, 0.010217, 0.011505, 0.012296, 0.011485, 0.011732, 0.011475, 0.012341, 0.011654, 0.011965, 0.011824, 0.011640, 0.011828, 0.011562, 0.011595, 0.011462, 0.012056, 0.012822, 0.012093, 0.011787, 0.011228, 0.012032, 0.012706, 0.012281, 0.012227, 0.012205, 0.011876, 0.012399, 0.011830, 0.011747, 0.011695, 0.011995, 0.012078, 0.011727, 0.011698, 0.011524, 0.011627, 0.012046, 0.012434, 0.011234, 0.011476, 0.011485, 0.011601, 0.012005, 0.011587, 0.011985, 0.011705, 0.007813, 0.007750, 0.008323, 0.008295, 0.007859, 0.008229, 0.007667, 0.008141, 0.008406, 0.008321, 0.007351, 0.007564, 0.006958, 0.008319, 0.008058, 0.007947, 0.008259, 0.008105, 0.007914, 0.007500, 0.007756, 0.007959, 0.007517, 0.008566, 0.008006, 0.008301, 0.007807, 0.007817, 0.007902, 0.008056, 0.007887, 0.007373, 0.007805, 0.007542, 0.007846, 0.007405, 0.007850, 0.008176, 0.008280, 0.007518, 0.008281, 0.007899, 0.007444, 0.008350, 0.007623, 0.008425, 0.008827, 0.008413, 0.008691, 0.008186, 0.007945, 0.008638
0.008411, 0.032247, 0.008195, 0.008313, 0.007728, 0.007940, 0.007967, 0.007930, 0.007896, 0.008286, 0.007803, 0.008356, 0.008217, 0.007593, 0.008218, 0.008231, 0.008297, 0.008209, 0.007188, 0.007405, 0.007719, 0.008284, 0.007421, 0.007216, 0.007697, 0.007663, 0.008232, 0.008412, 0.008034, 0.007679, 0.007783, 0.008108, 0.008099, 0.008111, 0.007742, 0.008214, 0.007811, 0.008634, 0.008192, 0.007491, 0.008259, 0.008585, 0.008440, 0.008339, 0.007404, 0.008292, 0.007882, 0.008163, 0.011473, 0.011834, 0.011909, 0.011060, 0.011611, 0.011578, 0.012080, 0.011219, 0.011643, 0.011423, 0.011959, 0.011812, 0.012319, 0.011900, 0.011723, 0.011624, 0.011616, 0.012118, 0.011349, 0.012201, 0.011607, 0.011384, 0.011842, 0.011456, 0.011878, 0.011870, 0.011928, 0.011567, 0.011323, 0.011690, 0.012302, 0.011954, 0.011991, 0.012299, 0.011632, 0.011995, 0.011817, 0.011675, 0.011096, 0.012204, 0.012049, 0.011533, 0.012182, 0.011874, 0.011744, 0.011695, 0.010845, 0.007614, 0.008362, 0.008331, 0.007855, 0.007621
0.010217, 0.008195, 0.110029, 0.007852, 0.006991, 0.008061, 0.008069, 0.009717, 0.009599, 0.007549, 0.008088, 0.009551, 0.007518, 0.007767, 0.007755, 0.008083, 0.007758, 0.009296, 0.009010, 0.007479, 0.007154, 0.007306, 0.006964, 0.007322, 0.008931, 0.009563, 0.008919, 0.007433, 0.007065, 0.007373, 0.007540, 0.007749, 0.009994, 0.007837, 0.009426, 0.007265, 0.009906, 0.007488, 0.007940, 0.007025, 0.007295, 0.008351, 0.007402, 0.007361, 0.009403, 0.007243, 0.009275, 0.009593, 0.007255, 0.009576, 0.007054, 0.008932, 0.006431, 0.007202, 0.008687, 0.009056, 0.007464, 0.009227, 0.006994, 0.007155, 0.009010, 0.007223, 0.009001, 0.009639, 0.008621, 0.006730, 0.007513, 0.009162, 0.009106, 0.009102, 0.009120, 0.009468, 0.006418, 0.007231, 0.009076, 0.007072, 0.009188, 0.007364, 0.007156, 0.007012, 0.006701, 0.007162, 0.008608, 0.006315, 0.007817, 0.006846, 0.008972, 0.007165, 0.008368, 0.008859, 0.009564, 0.008638, 0.006684, 0.009199, 0.021021, 0.022652, 0.021212, 0.023583, 0.023379, 0.023304
0.011505, 0.008313, 0.007852, 0.179120, 0.007075, 0.006954, 0.007233, 0.007147, 0.007107, 0.006914, 0.010282, 0.007059, 0.010188, 0.010575, 0.007051, 0.010229, 0.010125, 0.010359, 0.007153, 0.006874, 0.010432, 0.010067, 0.006461, 0.010453, 0.007257, 0.006907, 0.010348, 0.010115, 0.007264, 0.007045, 0.007205, 0.007151, 0.010156, 0.010117, 0.007025, 0.007078, 0.010102, 0.007226, 0.010267, 0.006335, 0.007115, 0.009888, 0.010067, 0.007111, 0.006811, 0.010173, 0.010421, 0.010392, 0.006457, 0.006448, 0.006325, 0.009786, 0.009719, 0.006498, 0.009936, 0.009782, 0.006916, 0.006675, 0.006152, 0.006625, 0.006052, 0.006475, 0.006807, 0.006651, 0.009931, 0.009829, 0.006944, 0.006277, 0.009830, 0.009717, 0.009491, 0.009873, 0.009678, 0.006654, 0.009824, 0.006462, 0.010230, 0.006444, 0.009796, 0.006398, 0.009531, 0.010034, 0.006624, 0.009601, 0.006512, 0.009780, 0.009895, 0.006328, 0.006289, 0.009671, 0.009526, 0.006394, 0.006580, 0.006686, 0.009479, 0.009818, 0.006617, 0.006435, 0.009543, 0.009873
0.012296, 0.007728, 0.006991, 0.007075, 0.200533, 0.006701, 0.006711, 0.006855, 0.007068, 0.007020, 0.007036, 0.007150, 0.007079, 0.006620, 0.006915, 0.006880, 0.007362, 0.010195, 0.010835, 0.011173, 0.010692, 0.007059, 0.011201, 0.011038, 0.010757, 0.007176, 0.010857, 0.007225, 0.006994, 0.010313, 0.010610, 0.007013, 0.010445, 0.007214, 0.006609, 0.007161, 0.010351, 0.007230, 0.010394, 0.006912, 0.007456, 0.010248, 0.010351, 0.007053, 0.010854, 0.010586, 0.007184, 0.007076, 0.006313, 0.005912, 0.010192, 0.009614, 0.010405, 0.006272, 0.009721, 0.006294, 0.009459, 0.009897, 0.005938, 0.006329, 0.005990, 0.009977, 0.006375, 0.009711, 0.006164, 0.006386, 0.006424, 0.006107, 0.009748, 0.009888, 0.009567, 0.009731, 0.010297, 0.010024, 0.009724, 0.009622, 0.005936, 0.006043, 0.006141, 0.006046, 0.006041, 0.006237, 0.009713, 0.005749, 0.006062, 0.006025, 0.006279, 0.006535, 0.006301, 0.006329, 0.009910, 0.009713, 0.009792, 0.009887, 0.006633, 0.006169, 0.009574, 0.006216, 0.006095, 0.006212
0.011485, 0.007940, 0.008061, 0.006954, 0.006701, 0.173062, 0.010093, 0.010079, 0.010506, 0.010202, 0.007061, 0.010232, 0.007233, 0.010465, 0.007201, 0.010027, 0.007239, 0.007339, 0.010607, 0.010363, 0.006886, 0.009980, 0.006953, 0.010286, 0.010090, 0.010458, 0.010095, 0.009907, 0.006885, 0.010173, 0.007058, 0.010000, 0.010177, 0.007067, 0.006975, 0.006935, 0.007066, 0.010021, 0.007471, 0.006570, 0.009799, 0.007262, 0.007044, 0.007304, 0.006819, 0.006970, 0.006849, 0.010375, 0.009838, 0.009553, 0.006437, 0.006616, 0.009767, 0.009427, 0.006465, 0.009704, 0.006941, 0.006785, 0.006156, 0.006563, 0.005954, 0.006732, 0.009666, 0.006429, 0.009753, 0.009451, 0.009535, 0.009570, 0.006519, 0.006457, 0.006557, 0.006851, 0.009683, 0.006577, 0.006605, 0.009530, 0.005802, 0.006708, 0.009896, 0.009856, 0.006484, 0.006252, 0.006665, 0.009718, 0.010084, 0.006635, 0.006633, 0.009449, 0.009736, 0.009670, 0.009771, 0.009705, 0.006452, 0.009963, 0.009369, 0.009452, 0.009448, 0.009619, 0.006505, 0.009680
0.011732, 0.007967, 0.008069, 0.007233, 0.006711, 0.010093, 0.179177, 0.007166, 0.006969, 0.007275, 0.007177, 0.010144, 0.007136, 0.006780, 0.010475, 0.007295, 0.007087, 0.010152, 0.007049, 0.006669, 0.006701, 0.010037, 0.010613, 0.010712, 0.009965, 0.007112, 0.007139, 0.009952, 0.007015, 0.007204, 0.007113, 0.009923, 0.007221, 0.010097, 0.007006, 0.010011, 0.007294, 0.007333, 0.010048, 0.010846, 0.007244, 0.010071, 0.006847, 0.010161, 0.006654, 0.007203, 0.010295, 0.006767, 0.009965, 0.006502, 0.006535, 0.006525, 0.006135, 0.006340, 0.009761, 0.009614, 0.006834, 0.006849, 0.006377, 0.009354, 0.010068, 0.006288, 0.006602, 0.009735, 0.009739, 0.006600, 0.009653, 0.009906, 0.006715, 0.006449, 0.009472, 0.006690, 0.009663, 0.009829, 0.006339, 0.006806, 0.010118, 0.010180, 0.009779, 0.006301, 0.009794, 0.006291, 0.009449, 0.009615, 0.009972, 0.009633, 0.009408, 0.006506, 0.006216, 0.009634, 0.010120, 0.006576, 0.006220, 0.006579, 0.006644, 0.009834, 0.009591, 0.009650, 0.009736, 0.009868
0.011475, 0.007930, 0.009717, 0.007147, 0.006855, 0.010079, 0.007166, 0.182302, 0.006883, 0.007080, 0.010177, 0.010213, 0.010237, 0.010583, 0.006854, 0.010665, 0.009661, 0.010293, 0.006973, 0.006964, 0.010298, 0.006993, 0.006520, 0.010554, 0.007210, 0.006823, 0.006793, 0.007241, 0.007012, 0.007206, 0.009956, 0.007161, 0.007153, 0.010132, 0.007095, 0.006920, 0.010129, 0.010148, 0.010485, 0.006636, 0.007029, 0.010020, 0.007124, 0.010123, 0.010165, 0.007002, 0.007030, 0.007044, 0.006288, 0.006563, 0.010202, 0.006612, 0.006018, 0.009898, 0.009780, 0.009469, 0.006662, 0.009662, 0.009913, 0.006424, 0.006021, 0.006859, 0.009461, 0.009377, 0.009878, 0.006610, 0.006467, 0.009895, 0.006594, 0.009663, 0.006503, 0.006669, 0.006180, 0.009908, 0.006288, 0.006480, 0.006019, 0.006546, 0.009852, 0.009832, 0.006417, 0.006517, 0.009395, 0.006486, 0.010193, 0.009895, 0.009750, 0.009429, 0.006401, 0.009396, 0.006540, 0.009942, 0.009496, 0.006452, 0.009844, 0.009888, 0.007053, 0.009844, 0.006878, 0.010336
0.012341, 0.007896, 0.009599, 0.007107, 0.007068, 0.010506, 0.006969, 0.006883, 0.196689, 0.010543, 0.010864, 0.007165, 0.007087, 0.010553, 0.007153, 0.007025, 0.007285, 0.010787, 0.010889, 0.011199, 0.010789, 0.010145, 0.006607, 0.007050, 0.007178, 0.010934, 0.007030, 0.010260, 0.006852, 0.007170, 0.010319, 0.010624, 0.007325, 0.007079, 0.010549, 0.006924, 0.010267, 0.007205, 0.010313, 0.006659, 0.007016, 0.007086, 0.010254, 0.010653, 0.006605, 0.010509, 0.006927, 0.007151, 0.009967, 0.006093, 0.005950, 0.006566, 0.009980, 0.006145, 0.006091, 0.006818, 0.006638, 0.009924, 0.005670, 0.006245, 0.005623, 0.009878, 0.009656, 0.009935, 0.006411, 0.006263, 0.009978, 0.006284, 0.006362, 0.006503, 0.006351, 0.006552, 0.005831, 0.006219, 0.009999, 0.009616, 0.010282, 0.006124, 0.010011, 0.006027, 0.009864, 0.009745, 0.006450, 0.006207, 0.006232, 0.005898, 0.006501, 0.006191, 0.010331, 0.006390, 0.009890, 0.006366, 0.006127, 0.010048, 0.006948, 0.010139, 0.006776, 0.009839, 0.006702, 0.010280
0.011654, 0.008286, 0.007549, 0.006914, 0.007020, 0.010202, 0.007275, 0.007080, 0.010543, 0.182365, 0.006966, 0.010278, 0.007374, 0.006865, 0.007139, 0.010424, 0.009766, 0.010171, 0.010316, 0.006935, 0.007015, 0.007147, 0.010645, 0.007078, 0.010242, 0.007057, 0.010274, 0.009887, 0.007004, 0.010522, 0.007107, 0.010487, 0.006974, 0.010469, 0.010505, 0.007013, 0.010303, 0.010276, 0.007177, 0.010993, 0.007182, 0.007036, 0.007068, 0.010116, 0.010612, 0.007273, 0.006928, 0.006897, 0.009821, 0.006302, 0.010126, 0.009582, 0.006304, 0.006567, 0.006423, 0.009533, 0.006838, 0.006560, 0.006231, 0.006278, 0.005757, 0.006447, 0.006636, 0.009420, 0.006305, 0.006580, 0.006590, 0.006439, 0.009577, 0.006631, 0.006305, 0.009486, 0.006283, 0.009720, 0.009807, 0.006448, 0.010196, 0.009973, 0.010094, 0.009815, 0.009655, 0.006263, 0.009398, 0.010069, 0.010319, 0.010002, 0.006348, 0.006082, 0.010281, 0.006494, 0.006500, 0.009429, 0.006070, 0.009683, 0.009423, 0.009340, 0.009658, 0.006612, 0.006299, 0.006592
0.011965, 0.007803, 0.008088, 0.010282, 0.007036, 0.007061, 0.007177, 0.010177, 0.010864, 0.006966, 0.185753, 0.007105, 0.007266, 0.006931, 0.007226, 0.007097, 0.007178, 0.010505, 0.010419, 0.010610, 0.007002, 0.007030, 0.006645, 0.010784, 0.010362, 0.007471, 0.007153, 0.007460, 0.010538, 0.007126, 0.010350, 0.010189, 0.007209, 0.010419, 0.010716, 0.010160, 0.007125, 0.007305, 0.007148, 0.006771, 0.007198, 0.007306, 0.007006, 0.010193, 0.006678, 0.010232, 0.010501, 0.007094, 0.009823, 0.006346, 0.006221, 0.009677, 0.006241, 0.009880, 0.006469, 0.009748, 0.006766, 0.010042, 0.005951, 0.006200, 0.009863, 0.009928, 0.009407, 0.006623, 0.006302, 0.006417, 0.006676, 0.006234, 0.006504, 0.009506, 0.009314, 0.006843, 0.009998, 0.005987, 0.009735, 0.009488, 0.006199, 0.009744, 0.006265, 0.006188, 0.009763, 0.009683, 0.006468, 0.009598, 0.006184, 0.006111, 0.009913, 0.006292, 0.006284, 0.009916, 0.006192, 0.006416, 0.010093, 0.009686, 0.009377, 0.009690, 0.009474, 0.009406, 0.006409, 0.009778
0.011824, 0.008356, 0.009551, 0.007059, 0.007150, 0.010232, 0.010144, 0.010213, 0.007165, 0.010278, 0.007105, 0.167535, 0.009938, 0.007142, 0.010173, 0.010216, 0.007233, 0.006954, 0.010298, 0.006879, 0.006893, 0.009958, 0.010716, 0.007262, 0.007384, 0.007009, 0.010464, 0.010075, 0.010198, 0.010223, 0.009972, 0.007223, 0.010114, 0.007429, 0.007163, 0.009897, 0.010187, 0.007484, 0.010053, 0.006936, 0.009845, 0.007545, 0.007343, 0.010109, 0.006825, 0.007017, 0.007227, 0.007232, 0.009825, 0.009773, 0.009926, 0.009644, 0.009841, 0.009727, 0.006501, 0.006542, 0.009564, 0.009540, 0.009846, 0.006830, 0.006280, 0.006796, 0.009469, 0.006741, 0.006517, 0.006679, 0.006628, 0.006658, 0.006486, 0.006772, 0.009602, 0.009349, 0.006455, 0.009805, 0.006612, 0.006510, 0.006322, 0.009915, 0.009620, 0.006644, 0.006630, 0.006236, 0.009462, 0.009953, 0.006753, 0.009892, 0.006815, 0.006955, 0.006478, 0.009854, 0.009916, 0.009880, 0.006084, 0.009505, 0.009621, 0.009471, 0.007033, 0.009951, 0.006711, 0.010153
0.011640, 0.008217, 0.007518, 0.010188, 0.007079, 0.007233, 0.007136, 0.010237, 0.007087, 0.007374, 0.007266, 0.009938, 0.173086, 0.010412, 0.010138, 0.010322, 0.007243, 0.009961, 0.010222, 0.006915, 0.010511, 0.006935, 0.006782, 0.010437, 0.010129, 0.007156, 0.007056, 0.009874, 0.010655, 0.010160, 0.010317, 0.007251, 0.007031, 0.010187, 0.010215, 0.007080, 0.006982, 0.007408, 0.007397, 0.010794, 0.007274, 0.007216, 0.010043, 0.010132, 0.010386, 0.009991, 0.007239, 0.010298, 0.009393, 0.006204, 0.006364, 0.009575, 0.006380, 0.009629, 0.006491, 0.009534, 0.006768, 0.006681, 0.009527, 0.006242, 0.005965, 0.009574, 0.009599, 0.009484, 0.009730, 0.009771, 0.006688, 0.006500, 0.009684, 0.006588, 0.006362, 0.006845, 0.009637, 0.009902, 0.009644, 0.006593, 0.010080, 0.006396, 0.009670, 0.006389, 0.006551, 0.006197, 0.006861, 0.009847, 0.009828, 0.006666, 0.006881, 0.009322, 0.006634, 0.006600, 0.006412, 0.009590, 0.006273, 0.009760, 0.006967, 0.006513, 0.009425, 0.006711, 0.009521, 0.009404
0.011828, 0.007593, 0.007767, 0.010575, 0.006620, 0.010465, 0.006780, 0.010583, 0.010553, 0.006865, 0.006931, 0.007142, 0.010412, 0.200386, 0.006768, 0.007215, 0.010312, 0.007125, 0.010695, 0.006882, 0.010645, 0.010289, 0.006318, 0.006887, 0.010316, 0.006980, 0.007064, 0.007232, 0.010494, 0.006934, 0.007157, 0.010035, 0.010303, 0.007009, 0.010837, 0.006951, 0.007088, 0.010467, 0.010450, 0.006613, 0.010073, 0.007075, 0.007295, 0.006828, 0.006903, 0.006967, 0.006965, 0.010713, 0.006113, 0.010321, 0.009855, 0.009976, 0.006336, 0.006492, 0.006436, 0.009920, 0.006490, 0.006169, 0.005850, 0.009815, 0.005374, 0.009910, 0.006588, 0.006018, 0.010012, 0.009885, 0.009621, 0.006098, 0.006133, 0.009690, 0.005982, 0.009781, 0.006037, 0.010050, 0.006221, 0.006369, 0.005869, 0.006174, 0.009849, 0.006218, 0.006347, 0.006331, 0.006117, 0.009882, 0.006224, 0.010216, 0.009648, 0.006218, 0.006119, 0.006420, 0.005940, 0.010050, 0.010226, 0.006285, 0.009609, 0.006381, 0.006354, 0.009751, 0.009661, 0.010183
0.011562, 0.008218, 0.007755, 0.007051, 0.006915, 0.007201, 0.010475, 0.006854, 0.007153, 0.007139, 0.007226, 0.010173, 0.010138, 0.006768, 0.176058, 0.006953, 0.007206, 0.007036, 0.010568, 0.010547, 0.010403, 0.010041, 0.010567, 0.007215, 0.007068, 0.007260, 0.010069, 0.010025, 0.010518, 0.007180, 0.010325, 0.010098, 0.010195, 0.010325, 0.006900, 0.010206, 0.010096, 0.007164, 0.007003, 0.011284, 0.009981, 0.007232, 0.007220, 0.010255, 0.006973, 0.007303, 0.010196, 0.006811, 0.006824, 0.006451, 0.006573, 0.006719, 0.006566, 0.006636, 0.006389, 0.009694, 0.009570, 0.009631, 0.006431, 0.006429, 0.006292, 0.006522, 0.009461, 0.009766, 0.009845, 0.009460, 0.009705, 0.006375, 0.006793, 0.006572, 0.006675, 0.006865, 0.009838, 0.006244, 0.009730, 0.009687, 0.010257, 0.009681, 0.006112, 0.006229, 0.009849, 0.006217, 0.009367, 0.009955, 0.006248, 0.006152, 0.009680, 0.009662, 0.009892, 0.009678, 0.006664, 0.009700, 0.006407, 0.006566, 0.006826, 0.009367, 0.009399, 0.009328, 0.009780, 0.006332
0.011595, 0.008231, 0.008083, 0.010229, 0.006880, 0.010027, 0.007295, 0.010665, 0.007025, 0.010424, 0.007097, 0.010216, 0.010322, 0.007215, 0.006953, 0.182347, 0.006995, 0.010258, 0.010357, 0.006663, 0.010275, 0.006980, 0.006277, 0.007263, 0.007140, 0.006813, 0.007072, 0.010206, 0.010199, 0.010177, 0.007070, 0.009977, 0.007090, 0.010402, 0.007324, 0.007020, 0.007020, 0.010332, 0.010392, 0.006790, 0.007035, 0.010116, 0.009967, 0.010292, 0.010552, 0.006909, 0.006742, 0.007198, 0.006425, 0.006355, 0.006543, 0.006479, 0.006495, 0.006584, 0.009754, 0.006685, 0.006775, 0.006617, 0.006152, 0.006317, 0.009753, 0.010031, 0.009737, 0.006619, 0.006097, 0.006862, 0.009431, 0.010045, 0.006633, 0.009653, 0.006547, 0.009888, 0.005983, 0.010199, 0.009631, 0.006645, 0.006214, 0.009835, 0.010045, 0.006214, 0.006415, 0.009960, 0.009438, 0.006341, 0.010360, 0.010000, 0.009671, 0.006605, 0.006459, 0.009723, 0.006596, 0.009992, 0.006087, 0.006368, 0.009733, 0.006775, 0.009676, 0.009484, 0.009828, 0.009742
0.011462, 0.008297, 0.007758, 0.010125, 0.007362, 0.007239, 0.007087, 0.009661, 0.007285, 0.009766, 0.007178, 0.007233, 0.007243, 0.010312, 0.007206, 0.006995, 0.159646, 0.010023, 0.010143, 0.010242, 0.010408, 0.009917, 0.010431, 0.006893, 0.010235, 0.010352, 0.010153, 0.007300, 0.007201, 0.010013, 0.009909, 0.009933, 0.007344, 0.007419, 0.006959, 0.009997, 0.007226, 0.007367, 0.010102, 0.010477, 0.009861, 0.009719, 0.009965, 0.007210, 0.007235, 0.010025, 0.010256, 0.010262, 0.009433, 0.009476, 0.009739, 0.009714, 0.009637, 0.009638, 0.009551, 0.006935, 0.009358, 0.009336, 0.006568, 0.009517, 0.006215, 0.006548, 0.009230, 0.006833, 0.009814, 0.009497, 0.009504, 0.006267, 0.009574, 0.009641, 0.006784, 0.009463, 0.009644, 0.006592, 0.006626, 0.006873, 0.009826, 0.006414, 0.006607, 0.006594, 0.006593, 0.009667, 0.006670, 0.006371, 0.006277, 0.009656, 0.006913, 0.006708, 0.009763, 0.006758, 0.006288, 0.006629, 0.009840, 0.006886, 0.007146, 0.009435, 0.009455, 0.006580, 0.009100, 0.009386
0.012056, 0.008209, 0.009296, 0.010359, 0.010195, 0.007339, 0.010152, 0.010293, 0.010787, 0.010171, 0.010505, 0.006954, 0.009961, 0.007125, 0.007036, 0.010258, 0.010023, 0.176223, 0.007293, 0.010435, 0.010439, 0.007240, 0.006588, 0.007284, 0.010184, 0.010522, 0.007045, 0.009976, 0.007077, 0.007264, 0.007045, 0.010191, 0.010161, 0.007265, 0.010138, 0.007300, 0.007046, 0.009826, 0.010245, 0.006755, 0.006914, 0.007187, 0.007246, 0.010307, 0.006995, 0.007391, 0.010274, 0.006987, 0.006297, 0.009881, 0.006403, 0.006570, 0.006124, 0.006344, 0.009900, 0.010005, 0.006549, 0.009663, 0.006123, 0.006419, 0.009795, 0.006672, 0.006676, 0.006959, 0.010055, 0.009564, 0.006754, 0.009640, 0.009789, 0.009700, 0.006587, 0.006853, 0.006440, 0.006270, 0.006711, 0.009430, 0.010046, 0.006432, 0.010013, 0.006293, 0.009880, 0.009888, 0.006564, 0.006103, 0.009966, 0.006427, 0.006758, 0.006332, 0.009931, 0.009521, 0.006224, 0.006587, 0.009965, 0.009939, 0.006992, 0.009989, 0.007008, 0.006552, 0.006659, 0.010195
0.012822, 0.007188, 0.009010, 0.007153, 0.010835, 0.010607, 0.007049, 0.006973, 0.010889, 0.010316, 0.010419, 0.010298, 0.010222, 0.010695, 0.010568, 0.010357, 0.010143, 0.007293, 0.193124, 0.010919, 0.007098, 0.007106, 0.011199, 0.011218, 0.010730, 0.011001, 0.007250, 0.007610, 0.007249, 0.007194, 0.007216, 0.007332, 0.010524, 0.010384, 0.006902, 0.007106, 0.010516, 0.010147, 0.010321, 0.011427, 0.010077, 0.007281, 0.007073, 0.010413, 0.007445, 0.007102, 0.010352, 0.010797, 0.006482, 0.005807, 0.006365, 0.006406, 0.010144, 0.006179, 0.005756, 0.006413, 0.009374, 0.006373, 0.005961, 0.005770, 0.005860, 0.009906, 0.009819, 0.006208, 0.006355, 0.009373, 0.006503, 0.009456, 0.006337, 0.006220, 0.006002, 0.009629, 0.010174, 0.006382, 0.006421, 0.009698, 0.005735, 0.006346, 0.005981, 0.005730, 0.005980, 0.005912, 0.006342, 0.005637, 0.005895, 0.005998, 0.009822, 0.006197, 0.009838, 0.009888, 0.009464, 0.006516, 0.006181, 0.006598, 0.006980, 0.006682, 0.006750, 0.006649, 0.009934, 0.006617
0.012093, 0.007405, 0.007479, 0.006874, 0.011173, 0.010363, 0.006669, 0.006964, 0.011199, 0.006935, 0.010610, 0.006879, 0.006915, 0.006882, 0.010547, 0.006663, 0.010242, 0.010435, 0.010919, 0.204535, 0.011021, 0.010083, 0.006941, 0.011082, 0.010515, 0.010796, 0.010546, 0.007267, 0.007007, 0.007000, 0.010765, 0.010573, 0.007195, 0.007078, 0.006664, 0.006977, 0.006759, 0.007196, 0.007059, 0.006881, 0.010105, 0.007150, 0.010481, 0.007144, 0.010653, 0.010407, 0.007062, 0.007004, 0.006095, 0.006062, 0.009954, 0.006459, 0.010328, 0.006154, 0.005900, 0.009613, 0.006632, 0.010197, 0.009924, 0.006168, 0.005501, 0.006367, 0.006189, 0.009707, 0.010378, 0.006223, 0.006251, 0.006194, 0.006211, 0.006384, 0.005996, 0.009628, 0.006204, 0.006060, 0.006388, 0.006332, 0.006116, 0.006180, 0.005907, 0.005816, 0.009832, 0.009919, 0.009369, 0.005806, 0.005749, 0.005675, 0.009617, 0.009650, 0.010279, 0.006127, 0.006107, 0.009684, 0.005956, 0.010126, 0.009485, 0.006244, 0.006388, 0.009463, 0.009964, 0.005849
0.011787, 0.007719, 0.007154, 0.010432, 0.010692, 0.006886, 0.006701, 0.010298, 0.010789, 0.007015, 0.007002, 0.006893, 0.010511, 0.010645, 0.010403, 0.010275, 0.010408, 0.010439, 0.007098, 0.011021, 0.196518, 0.006953, 0.006243, 0.010783, 0.006993, 0.007082, 0.007022, 0.007217, 0.007125, 0.006898, 0.010606, 0.010651, 0.006984, 0.007081, 0.007148, 0.010411, 0.006968, 0.007012, 0.007120, 0.011103, 0.010189, 0.007007, 0.010306, 0.010349, 0.006830, 0.007083, 0.006870, 0.006748, 0.009567, 0.009799, 0.006043, 0.009957, 0.009940, 0.009798, 0.009800, 0.009747, 0.009451, 0.006405, 0.006022, 0.006025, 0.005785, 0.006207, 0.009680, 0.009686, 0.006459, 0.006288, 0.009752, 0.005890, 0.009756, 0.009701, 0.006297, 0.009628, 0.005977, 0.006140, 0.009950, 0.006506, 0.010547, 0.006104, 0.006128, 0.009674, 0.010096, 0.005966, 0.006576, 0.006294, 0.005961, 0.006255, 0.006740, 0.006076, 0.010297, 0.006275, 0.006216, 0.010048, 0.006166, 0.006303, 0.009243, 0.006069, 0.006756, 0.006228, 0.009859, 0.006401
0.011228, 0.008284, 0.007306, 0.010067, 0.007059, 0.009980, 0.010037, 0.006993, 0.010145, 0.007147, 0.007030, 0.009958, 0.006935, 0.010289, 0.010041, 0.006980, 0.009917, 0.007240, 0.007106, 0.010083, 0.006953, 0.167350, 0.010448, 0.007088, 0.007243, 0.007255, 0.010359, 0.007482, 0.007059, 0.010104, 0.007241, 0.007223, 0.010003, 0.010002, 0.006921, 0.007295, 0.007002, 0.009880, 0.009940, 0.006560, 0.009735, 0.007241, 0.007237, 0.009758, 0.006785, 0.010210, 0.006877, 0.010103, 0.009881, 0.006694, 0.006606, 0.009373, 0.006557, 0.006675, 0.009495, 0.006720, 0.009428, 0.009422, 0.006248, 0.009888, 0.006173, 0.006635, 0.006763, 0.006852, 0.009924, 0.009952, 0.009611, 0.009798, 0.009577, 0.009596, 0.009567, 0.009482, 0.006561, 0.009691, 0.009438, 0.009540, 0.009837, 0.009566, 0.006476, 0.009386, 0.009609, 0.009958, 0.006772, 0.006604, 0.006394, 0.009895, 0.006811, 0.009519, 0.006525, 0.009794, 0.006715, 0.009598, 0.009684, 0.009737, 0.006909, 0.009521, 0.006684, 0.009485, 0.006443, 0.006753
0.012032, 0.007421, 0.006964, 0.006461, 0.011201, 0.006953, 0.010613, 0.006520, 0.006607, 0.010645, 0.006645, 0.010716, 0.006782, 0.006318, 0.010567, 0.006277, 0.010431, 0.006588, 0.011199, 0.006941, 0.006243, 0.010448, 0.217841, 0.006617, 0.010808, 0.010868, 0.010945, 0.006780, 0.006749, 0.006813, 0.006607, 0.006788, 0.006767, 0.010588, 0.006324, 0.007017, 0.010681, 0.006895, 0.006827, 0.011908, 0.010395, 0.006977, 0.006629, 0.006775, 0.010780, 0.010428, 0.006908, 0.006819, 0.010286, 0.005917, 0.010466, 0.006332, 0.010158, 0.009890, 0.005811, 0.006189, 0.010065, 0.006327, 0.010087, 0.005913, 0.010407, 0.006220, 0.006154, 0.006274, 0.010340, 0.006178, 0.006134, 0.006058, 0.009966, 0.006136, 0.006171, 0.006485, 0.010953, 0.006054, 0.006003, 0.009825, 0.005605, 0.010259, 0.005890, 0.006062, 0.005637, 0.005501, 0.006293, 0.005861, 0.005746, 0.010080, 0.006013, 0.009738, 0.005925, 0.006209, 0.010030, 0.006058, 0.010155, 0.010061, 0.006228, 0.006099, 0.006189, 0.009681, 0.006021, 0.009757
0.012706, 0.007216, 0.007322, 0.010453, 0.011038, 0.010286, 0.010712, 0.010554, 0.007050, 0.007078, 0.010784, 0.007262, 0.010437, 0.006887, 0.007215, 0.007263, 0.006893, 0.007284, 0.011218, 0.011082, 0.010783, 0.007088, 0.006617, 0.204736, 0.010490, 0.006944, 0.007117, 0.010386, 0.007208, 0.010571, 0.007433, 0.007021, 0.006949, 0.010922, 0.010795, 0.010372, 0.010220, 0.010248, 0.007074, 0.006778, 0.010147, 0.010379, 0.007027, 0.010621, 0.006938, 0.006977, 0.006800, 0.010536, 0.006304, 0.005933, 0.006272, 0.006116, 0.006126, 0.006006, 0.006063, 0.006221, 0.009416, 0.009607, 0.006021, 0.005920, 0.010311, 0.006439, 0.006304, 0.006493, 0.005981, 0.006293, 0.006236, 0.009878, 0.006058, 0.006446, 0.006166, 0.009700, 0.006024, 0.009969, 0.006197, 0.006261, 0.010385, 0.010078, 0.005985, 0.005590, 0.009884, 0.006025, 0.009489, 0.005808, 0.006012, 0.006172, 0.009844, 0.006161, 0.006127, 0.006391, 0.010108, 0.009997, 0.005800, 0.009648, 0.006722, 0.009840, 0.006332, 0.006404, 0.010187, 0.006330
0.012281, 0.007697, 0.008931, 0.007257, 0.010757, 0.010090, 0.009965, 0.007210, 0.007178, 0.010242, 0.010362, 0.007384, 0.010129, 0.010316, 0.007068, 0.007140, 0.010235, 0.010184, 0.010730, 0.010515, 0.006993, 0.007243, 0.010808, 0.010490, 0.173300, 0.010532, 0.010371, 0.010114, 0.010551, 0.010363, 0.010291, 0.007385, 0.007200, 0.010291, 0.007082, 0.007301, 0.007183, 0.007399, 0.007373, 0.010843, 0.007438, 0.009948, 0.007416, 0.007153, 0.007047, 0.010200, 0.010296, 0.010605, 0.006504, 0.005975, 0.009919, 0.009677, 0.009824, 0.006727, 0.009424, 0.006631, 0.006794, 0.009445, 0.009431, 0.006388, 0.006031, 0.009753, 0.009400, 0.006622, 0.006729, 0.009655, 0.009194, 0.006260, 0.009501, 0.009355, 0.006503, 0.006801, 0.006525, 0.006283, 0.006330, 0.006515, 0.006059, 0.009513, 0.009728, 0.009467, 0.006440, 0.006286, 0.006619, 0.006192, 0.006257, 0.009523, 0.006699, 0.006390, 0.006360, 0.009741, 0.006189, 0.006384, 0.009621, 0.009727, 0.009495, 0.006834, 0.009788, 0.006596, 0.006385, 0.006627
0.012227, 0.007663, 0.009563, 0.006907, 0.007176, 0.010458, 0.007112, 0.006823, 0.010934, 0.007057, 0.007471, 0.007009, 0.007156, 0.006980, 0.007260, 0.006813, 0.010352, 0.010522, 0.011001, 0.010796, 0.007082, 0.007255, 0.010868, 0.006944, 0.010532, 0.192933, 0.007413, 0.007218, 0.010779, 0.010389, 0.007168, 0.010359, 0.010453, 0.007121, 0.006858, 0.010170, 0.007043, 0.007078, 0.010467, 0.006746, 0.007046, 0.010068, 0.006998, 0.010226, 0.006692, 0.007272, 0.010869, 0.010689, 0.010205, 0.006154, 0.006134, 0.009727, 0.006309, 0.009834, 0.006202, 0.009792, 0.009353, 0.006358, 0.006290, 0.006043, 0.005887, 0.009739, 0.009668, 0.009803, 0.010062, 0.006533, 0.009804, 0.009953, 0.009862, 0.006194, 0.006129, 0.006322, 0.010352, 0.005834, 0.009780, 0.009959, 0.005826, 0.006019, 0.005952, 0.005916, 0.009697, 0.006288, 0.006339, 0.005598, 0.006036, 0.005924, 0.006708, 0.009575, 0.006531, 0.006505, 0.006178, 0.006392, 0.010254, 0.010033, 0.009591, 0.010104, 0.006749, 0.006605, 0.010127, 0.006760
0.012205, 0.008232, 0.008919, 0.010348, 0.010857, 0.010095, 0.007139, 0.006793, 0.007030, 0.010274, 0.007153, 0.010464, 0.007056, 0.007064, 0.010069, 0.007072, 0.010153, 0.007045, 0.007250, 0.010546, 0.007022, 0.010359, 0.010945, 0.007117, 0.010371, 0.007413, 0.185829, 0.010240, 0.010806, 0.007114, 0.007292, 0.006941, 0.010211, 0.010331, 0.006944, 0.010070, 0.007036, 0.007238, 0.010243, 0.006764, 0.010117, 0.010161, 0.010228, 0.006752, 0.006942, 0.007007, 0.007211, 0.010721, 0.010017, 0.006274, 0.006393, 0.009838, 0.006738, 0.009887, 0.006602, 0.009531, 0.009644, 0.006630, 0.006197, 0.009826, 0.010005, 0.006540, 0.009669, 0.009711, 0.006308, 0.006909, 0.006738, 0.006144, 0.006658, 0.009586, 0.009767, 0.009807, 0.006375, 0.009901, 0.009811, 0.006547, 0.006142, 0.006406, 0.009830, 0.006030, 0.006325, 0.010132, 0.006690, 0.005904, 0.006057, 0.006354, 0.006761, 0.006571, 0.006559, 0.006591, 0.010017, 0.006726, 0.010225, 0.010023, 0.009634, 0.006908, 0.006941, 0.006714, 0.006459, 0.006754
0.011876, 0.008412, 0.007433, 0.010115, 0.007225, 0.009907, 0.009952, 0.007241, 0.010260, 0.009887, 0.007460, 0.010075, 0.009874, 0.007232, 0.010025, 0.010206, 0.007300, 0.009976, 0.007610, 0.007267, 0.007217, 0.007482, 0.006780, 0.010386, 0.010114, 0.007218, 0.010240, 0.157346, 0.010443, 0.010276, 0.010089, 0.010023, 0.007369, 0.010144, 0.010452, 0.007491, 0.009996, 0.009949, 0.010073, 0.006992, 0.009715, 0.007747, 0.009982, 0.009924, 0.007052, 0.007267, 0.010038, 0.010151, 0.006831, 0.006555, 0.006591, 0.009788, 0.009874, 0.006865, 0.009577, 0.009528, 0.009425, 0.009553, 0.009688, 0.009864, 0.006198, 0.009571, 0.009536, 0.006805, 0.006629, 0.009553, 0.009513, 0.006490, 0.006751, 0.009429, 0.009386, 0.009485, 0.006626, 0.006927, 0.006859, 0.009331, 0.006345, 0.006770, 0.006740, 0.006467, 0.009539, 0.009669, 0.009395, 0.006444, 0.006563, 0.006743, 0.009740, 0.009484, 0.006672, 0.009894, 0.009509, 0.007009, 0.006336, 0.006711, 0.009398, 0.006789, 0.006907, 0.009220, 0.006422, 0.006718
0.012399, 0.008034, 0.007065, 0.007264, 0.006994, 0.006885, 0.007015, 0.007012, 0.006852, 0.007004, 0.010538, 0.010198, 0.010655, 0.010494, 0.010518, 0.010199, 0.007201, 0.007077, 0.007249, 0.007007, 0.007125, 0.007059, 0.006749, 0.007208, 0.010551, 0.010779, 0.010806, 0.010443, 0.196672, 0.007038, 0.010650, 0.007267, 0.007207, 0.010654, 0.010745, 0.010693, 0.006630, 0.007130, 0.007224, 0.011070, 0.007374, 0.010005, 0.010425, 0.006935, 0.010964, 0.006946, 0.010730, 0.010850, 0.006322, 0.005974, 0.006027, 0.010019, 0.010005, 0.010022, 0.009830, 0.009625, 0.009535, 0.006166, 0.006186, 0.006437, 0.006056, 0.006558, 0.006703, 0.009641, 0.006294, 0.010010, 0.006582, 0.009652, 0.006501, 0.006593, 0.009584, 0.009561, 0.006102, 0.006608, 0.006508, 0.006358, 0.010180, 0.006127, 0.006223, 0.005932, 0.009788, 0.006394, 0.006528, 0.006074, 0.005615, 0.006382, 0.010053, 0.009531, 0.006324, 0.006420, 0.005941, 0.009727, 0.010172, 0.009829, 0.006653, 0.009689, 0.006653, 0.006335, 0.006208, 0.006172
0.011830, 0.007679, 0.007373, 0.007045, 0.010313, 0.010173, 0.007204, 0.007206, 0.007170, 0.010522, 0.007126, 0.010223, 0.010160, 0.006934, 0.007180, 0.010177, 0.010013, 0.007264, 0.007194, 0.007000, 0.006898, 0.010104, 0.006813, 0.010571, 0.010363, 0.010389, 0.007114, 0.010276, 0.007038, 0.182402, 0.010204, 0.010341, 0.007105, 0.010308, 0.010337, 0.010050, 0.007315, 0.010065, 0.010250, 0.006803, 0.009914, 0.010051, 0.007285, 0.010343, 0.006927, 0.010429, 0.010395, 0.007075, 0.009513, 0.006160, 0.010176, 0.009945, 0.006062, 0.006712, 0.006471, 0.006402, 0.006924, 0.009760, 0.010051, 0.009781, 0.005733, 0.006489, 0.006514, 0.009564, 0.006220, 0.009383, 0.006741, 0.006140, 0.006355, 0.009636, 0.006488, 0.006749, 0.006321, 0.006518, 0.009734, 0.009397, 0.010277, 0.006572, 0.006148, 0.006231, 0.006408, 0.006092, 0.006687, 0.009907, 0.009834, 0.009893, 0.006643, 0.009486, 0.009891, 0.009672, 0.006112, 0.006754, 0.005994, 0.006715, 0.009407, 0.009550, 0.006724, 0.009386, 0.006261, 0.006466
0.011747, 0.007783, 0.007540, 0.007205, 0.010610, 0.007058, 0.007113, 0.009956, 0.010319, 0.007107, 0.010350, 0.009972, 0.010317, 0.007157, 0.010325, 0.007070, 0.009909, 0.007045, 0.007216, 0.010765, 0.010606, 0.007241, 0.006607, 0.007433, 0.010291, 0.007168, 0.007292, 0.010089, 0.010650, 0.010204, 0.176096, 0.010159, 0.010230, 0.010110, 0.006934, 0.007244, 0.007240, 0.007201, 0.007133, 0.010854, 0.009850, 0.009913, 0.010283, 0.007198, 0.007178, 0.010316, 0.010307, 0.010025, 0.009883, 0.006273, 0.006534, 0.009829, 0.006638, 0.006669, 0.006470, 0.006487, 0.006732, 0.009862, 0.006295, 0.006374, 0.005770, 0.009590, 0.006857, 0.006882, 0.009732, 0.006436, 0.009396, 0.006156, 0.006424, 0.009417, 0.009313, 0.009343, 0.006170, 0.009721, 0.006582, 0.006567, 0.010147, 0.006448, 0.006089, 0.009570, 0.009545, 0.006365, 0.009411, 0.009620, 0.006238, 0.006408, 0.009595, 0.009559, 0.006508, 0.006607, 0.009554, 0.009637, 0.006159, 0.009574, 0.009350, 0.006532, 0.009609, 0.006667, 0.009594, 0.006399
0.011695, 0.008108, 0.007749, 0.007151, 0.007013, 0.010000, 0.009923, 0.007161, 0.010624, 0.010487, 0.010189, 0.007223, 0.007251, 0.010035, 0.010098, 0.009977, 0.009933, 0.010191, 0.007332, 0.010573, 0.010651, 0.007223, 0.006788, 0.007021, 0.007385, 0.010359, 0.006941, 0.010023, 0.007267, 0.010341, 0.010159, 0.170259, 0.010202, 0.010057, 0.010435, 0.007193, 0.010206, 0.007357, 0.007268, 0.010585, 0.007288, 0.007196, 0.007233, 0.009947, 0.010375, 0.010179, 0.010355, 0.006974, 0.009672, 0.006514, 0.006316, 0.009665, 0.009581, 0.009849, 0.009548, 0.009707, 0.009264, 0.009509, 0.009697, 0.009746, 0.005741, 0.006596, 0.006836, 0.006615, 0.006524, 0.006612, 0.006789, 0.006280, 0.006503, 0.006661, 0.006457, 0.009376, 0.006379, 0.006448, 0.009750, 0.009457, 0.006458, 0.006587, 0.006262, 0.009825, 0.009780, 0.006150, 0.006862, 0.006574, 0.009989, 0.009635, 0.007016, 0.006413, 0.010046, 0.006579, 0.006265, 0.009378, 0.006194, 0.006392, 0.009550, 0.009534, 0.009497, 0.006709, 0.009588, 0.006644
0.011995, 0.008099, 0.009994, 0.010156, 0.010445, 0.010177, 0.007221, 0.007153, 0.007325, 0.006974, 0.007209, 0.010114, 0.007031, 0.010303, 0.010195, 0.007090, 0.007344, 0.010161, 0.010524, 0.007195, 0.006984, 0.010003, 0.006767, 0.006949, 0.007200, 0.010453, 0.010211, 0.007369, 0.007207, 0.007105, 0.010230, 0.010202, 0.179244, 0.007247, 0.006954, 0.010062, 0.010358, 0.009984, 0.007413, 0.006731, 0.007213, 0.007214, 0.010111, 0.007182, 0.010519, 0.010048, 0.010525, 0.007261, 0.009775, 0.009939, 0.006414, 0.006821, 0.010178, 0.006554, 0.006478, 0.006587, 0.006800, 0.009727, 0.006188, 0.009871, 0.005950, 0.009847, 0.009503, 0.006422, 0.006550, 0.006566, 0.006660, 0.009627, 0.006440, 0.006727, 0.009659, 0.006687, 0.006316, 0.006667, 0.006496, 0.006799, 0.010055, 0.006520, 0.006518, 0.009813, 0.009722, 0.006472, 0.009434, 0.006336, 0.009741, 0.006537, 0.009675, 0.009507, 0.006399, 0.009610, 0.006375, 0.006588, 0.009798, 0.006774, 0.009672, 0.009937, 0.009916, 0.006889, 0.010165, 0.009849
0.012078, 0.008111, 0.007837, 0.010117, 0.007214, 0.007067, 0.010097, 0.010132, 0.007079, 0.010469, 0.010419, 0.007429, 0.010187, 0.007009, 0.010325, 0.010402, 0.007419, 0.007265, 0.010384, 0.007078, 0.007081, 0.010002, 0.010588, 0.010922, 0.010291, 0.007121, 0.010331, 0.010144, 0.010654, 0.010308, 0.010110, 0.010057, 0.007247, 0.173236, 0.010405, 0.007340, 0.010119, 0.009915, 0.007288, 0.007082, 0.007259, 0.007365, 0.007138, 0.007365, 0.010742, 0.007247, 0.007177, 0.007318, 0.009785, 0.005866, 0.009856, 0.006698, 0.006198, 0.009551, 0.006481, 0.006677, 0.009368, 0.009473, 0.006288, 0.006337, 0.006203, 0.006599, 0.006632, 0.009499, 0.006472, 0.009581, 0.009603, 0.009726, 0.009421, 0.009606, 0.006712, 0.009624, 0.006502, 0.006609, 0.009781, 0.006550, 0.010153, 0.009764, 0.006438, 0.006163, 0.006815, 0.009970, 0.009446, 0.006322, 0.006389, 0.006641, 0.009694, 0.006346, 0.006425, 0.006725, 0.006376, 0.006546, 0.009750, 0.006631, 0.009463, 0.009845, 0.009652, 0.006622, 0.009809, 0.006349
0.011727, 0.007742, 0.009426, 0.007025, 0.006609, 0.006975, 0.007006, 0.007095, 0.010549, 0.010505, 0.010716, 0.007163, 0.010215, 0.010837, 0.006900, 0.007324, 0.006959, 0.010138, 0.006902, 0.006664, 0.007148, 0.006921, 0.006324, 0.010795, 0.007082, 0.006858, 0.006944, 0.010452, 0.010745, 0.010337, 0.006934, 0.010435, 0.006954, 0.010405, 0.196476, 0.010271, 0.006965, 0.010404, 0.007050, 0.006699, 0.010185, 0.006930, 0.010209, 0.007050, 0.010742, 0.006922, 0.007215, 0.006887, 0.006362, 0.009970, 0.006271, 0.010253, 0.006271, 0.010028, 0.009810, 0.009926, 0.009561, 0.006445, 0.006141, 0.010044, 0.005553, 0.006421, 0.009443, 0.006116, 0.005940, 0.006617, 0.009589, 0.005991, 0.006304, 0.006500, 0.006409, 0.009919, 0.010125, 0.009888, 0.009796, 0.006497, 0.005980, 0.009918, 0.006097, 0.010047, 0.010010, 0.006128, 0.009460, 0.006320, 0.006355, 0.010046, 0.009750, 0.006126, 0.006166, 0.009816, 0.006143, 0.006563, 0.006178, 0.006287, 0.009894, 0.006480, 0.006679, 0.009902, 0.006449, 0.010202
0.011698, 0.008214, 0.007265, 0.007078, 0.007161, 0.006935, 0.010011, 0.006920, 0.006924, 0.007013, 0.010160, 0.009897, 0.007080, 0.006951, 0.010206, 0.007020, 0.009997, 0.007300, 0.007106, 0.006977, 0.010411, 0.007295, 0.007017, 0.010372, 0.007301, 0.010170, 0.010070, 0.007491, 0.010693, 0.010050, 0.007244, 0.007193, 0.010062, 0.007340, 0.010271, 0.170261, 0.007028, 0.009983, 0.007304, 0.010778, 0.010182, 0.007419, 0.009974, 0.010147, 0.006910, 0.007073, 0.010211, 0.006981, 0.006417, 0.009983, 0.009562, 0.009718, 0.009760, 0.009837, 0.009564, 0.006718, 0.009588, 0.006831, 0.006448, 0.006718, 0.010050, 0.009610, 0.006930, 0.009638, 0.006530, 0.009363, 0.009535, 0.006535, 0.009466, 0.009735, 0.009623, 0.006876, 0.006422, 0.006490, 0.006590, 0.009432, 0.010237, 0.009583, 0.006547, 0.006362, 0.009744, 0.009633, 0.009479, 0.006515, 0.006104, 0.009753, 0.009567, 0.009630, 0.009723, 0.006708, 0.006233, 0.009683, 0.009927, 0.006463, 0.006727, 0.006579, 0.009556, 0.006462, 0.006231, 0.009442
0.011524, 0.007811, 0.009906, 0.010102, 0.010351, 0.007066, 0.007294, 0.010129, 0.010267, 0.010303, 0.007125, 0.010187, 0.006982, 0.007088, 0.010096, 0.007020, 0.007226, 0.007046, 0.010516, 0.006759, 0.006968, 0.007002, 0.010681, 0.010220, 0.007183, 0.007043, 0.007036, 0.009996, 0.006630, 0.007315, 0.007240, 0.010206, 0.010358, 0.010119, 0.006965, 0.007028, 0.179131, 0.007246, 0.010220, 0.010722, 0.007117, 0.010019, 0.007039, 0.007160, 0.006981, 0.010290, 0.010527, 0.006892, 0.009671, 0.009838, 0.009883, 0.009695, 0.006069, 0.006708, 0.006484, 0.009590, 0.009492, 0.006697, 0.010152, 0.009519, 0.005797, 0.009355, 0.006629, 0.006639, 0.006276, 0.006317, 0.009460, 0.006390, 0.009392, 0.009464, 0.009408, 0.006825, 0.006360, 0.006450, 0.006568, 0.009615, 0.006155, 0.006571, 0.006238, 0.009775, 0.006496, 0.006166, 0.009560, 0.009644, 0.010010, 0.009786, 0.009572, 0.006508, 0.009792, 0.006604, 0.006492, 0.006584, 0.006047, 0.006459, 0.009636, 0.009945, 0.006884, 0.009980, 0.009913, 0.010309
0.011627, 0.008634, 0.007488, 0.007226, 0.007230, 0.010021, 0.007333, 0.010148, 0.007205, 0.010276, 0.007305, 0.007484, 0.007408, 0.010467, 0.007164, 0.010332, 0.007367, 0.009826, 0.010147, 0.007196, 0.007012, 0.009880, 0.006895, 0.010248, 0.007399, 0.007078, 0.007238, 0.009949, 0.007130, 0.010065, 0.007201, 0.007357, 0.009984, 0.009915, 0.010404, 0.009983, 0.007246, 0.159679, 0.010048, 0.010443, 0.009765, 0.007410, 0.007417, 0.009832, 0.010307, 0.009707, 0.007026, 0.007256, 0.006572, 0.006870, 0.009778, 0.009486, 0.009838, 0.006770, 0.006823, 0.009470, 0.007032, 0.007055, 0.006326, 0.009718, 0.006205, 0.009873, 0.009275, 0.006650, 0.009629, 0.006956, 0.009373, 0.006847, 0.006835, 0.009549, 0.009094, 0.009464, 0.009682, 0.009869, 0.006712, 0.006838, 0.006410, 0.009742, 0.009686, 0.006589, 0.009332, 0.009814, 0.009481, 0.006564, 0.009846, 0.009632, 0.009591, 0.009599, 0.009770, 0.007109, 0.006497, 0.009622, 0.009531, 0.009348, 0.009351, 0.006456, 0.009430, 0.009252, 0.006374, 0.006630
0.012046, 0.008192, 0.007940, 0.010267, 0.010394, 0.007471, 0.010048, 0.010485, 0.010313, 0.007177, 0.007148, 0.010053, 0.007397, 0.010450, 0.007003, 0.010392, 0.010102, 0.010245, 0.010321, 0.007059, 0.007120, 0.009940, 0.006827, 0.007074, 0.007373, 0.010467, 0.010243, 0.010073, 0.007224, 0.010250, 0.007133, 0.007268, 0.007413, 0.007288, 0.007050, 0.007304, 0.010220, 0.010048, 0.170346, 0.006605, 0.007320, 0.010244, 0.009992, 0.010202, 0.006818, 0.010001, 0.010616, 0.010268, 0.006476, 0.009606, 0.009862, 0.009746, 0.006207, 0.009554, 0.009639, 0.009528, 0.006891, 0.006745, 0.009926, 0.006799, 0.005974, 0.006836, 0.009402, 0.009467, 0.006698, 0.006665, 0.009568, 0.009560, 0.006829, 0.009658, 0.006721, 0.006914, 0.009805, 0.009806, 0.006587, 0.006844, 0.006104, 0.006227, 0.006608, 0.006359, 0.006426, 0.009901, 0.006849, 0.006246, 0.009782, 0.006910, 0.009682, 0.009384, 0.006477, 0.006580, 0.006510, 0.009499, 0.006437, 0.006649, 0.009448, 0.009721, 0.009493, 0.006862, 0.006454, 0.009848
0.012434, 0.007491, 0.007025, 0.006335, 0.006912, 0.006570, 0.010846, 0.006636, 0.006659, 0.010993, 0.006771, 0.006936, 0.010794, 0.006613, 0.011284, 0.006790, 0.010477, 0.006755, 0.011427, 0.006881, 0.011103, 0.006560, 0.011908, 0.006778, 0.010843, 0.006746, 0.006764, 0.006992, 0.011070, 0.006803, 0.010854, 0.010585, 0.006731, 0.007082, 0.006699, 0.010778, 0.010722, 0.010443, 0.006605, 0.233012, 0.010369, 0.006949, 0.006886, 0.007003, 0.011268, 0.010740, 0.007127, 0.006815, 0.006162, 0.005585, 0.006011, 0.010414, 0.006301, 0.006174, 0.005885, 0.006154, 0.006323, 0.006003, 0.005601, 0.005845, 0.010246, 0.006286, 0.009725, 0.010161, 0.010585, 0.006186, 0.006280, 0.005676, 0.010117, 0.006175, 0.005940, 0.006464, 0.006031, 0.010017, 0.005969, 0.009922, 0.006065, 0.006022, 0.005715, 0.005728, 0.005938, 0.005561, 0.009534, 0.005576, 0.005897, 0.005709, 0.009938, 0.006039, 0.010394, 0.009938, 0.005679, 0.006233, 0.005549, 0.006052, 0.006116, 0.005773, 0.009942, 0.009624, 0.006042, 0.005830
